function out = Q_10_4(y)
out = [-1-1e-3     1  1e-3    0
          0 -y(2)    0  y(2)
          0     0 -y(1) y(1)
          0     0    0    0];
end